146.27734375	218.326855469	146.140136719	218.301757812

144.365722656	219.029980469	144.31640625	218.982910156

142.476074219	219.645214844	142.316894531	219.598144531

140.542480469	220.106640625	140.493164062	220.081542969

138.630859375	220.480175781	138.581542969	220.455078125

136.719238281	220.743847656	136.691894531	220.71875

134.785644531	220.831738281	134.758300781	220.850585938

132.874023438	220.809765625	132.780761719	220.828613281

130.918457031	220.612011719	130.847167969	220.608886719

128.984863281	220.238476562	128.891601562	220.235351562

127.051269531	219.645214844	127.045898438	219.642089844

125.18359375	218.78828125	125.15625	218.807128906

123.337890625	217.667675781	123.354492188	217.686523438

121.558105469	216.261425781	121.596679688	216.258300781

119.822265625	214.481640625	119.794921875	214.456542969

118.174316406	212.328320312	118.190917969	212.347167969

116.680175781	209.779492188	116.674804688	209.710449219

115.273925781	206.681347656	115.224609375	206.678222656

114.043457031	203.055859375	113.994140625	203.118652344

112.988769531	198.903027344	112.939453125	198.987792969

112.109863281	194.464550781	112.104492188	194.483398438

111.516601562	189.564648438	111.467285156	189.539550781

111.208984375	184.225292969	111.09375	184.244140625

111.055175781	178.798046875	111.049804688	178.838867188

111.208984375	173.458691406	111.203613281	173.587402344

111.626464844	168.251171875	111.511230469	168.357910156

112.285644531	163.505078125	112.214355469	163.523925781

113.40625	159.242382812	113.093261719	159.217285156

114.438964844	155.397167969	114.279785156	155.262207031

115.559570312	151.99140625	115.708007812	152.076171875

117.317382812	149.112988281	117.0703125	149.109863281

118.943359375	146.849804688	118.65234375	146.736816406

120.61328125	144.410839844	120.05859375	144.715332031

122.327148438	143.20234375	121.9921875	143.133300781

124.019042969	141.862011719	123.837890625	141.880859375

126.018554688	140.895214844	125.639648438	140.870117188

127.776367188	140.148144531	127.485351562	140.123046875

129.775878906	139.576855469	129.375	139.617675781

131.621582031	139.313183594	131.440429688	139.310058594

133.555175781	139.159375	133.286132812	139.178222656


